max: 99930
min: 0
odchylenie standatdowe: 216601.36826584276
wariancja : 46916152734.63523